(kicad_pcb (version 20171130) (host pcbnew 5.1.5+dfsg1-2build2)

  (general
    (thickness 1.6)
    (drawings 8)
    (tracks 414)
    (zones 0)
    (modules 60)
    (nets 89)
  )

  (page A4)
  (layers
    (0 F.Cu signal)
    (31 B.Cu signal)
    (32 B.Adhes user)
    (33 F.Adhes user)
    (34 B.Paste user)
    (35 F.Paste user)
    (36 B.SilkS user)
    (37 F.SilkS user)
    (38 B.Mask user)
    (39 F.Mask user)
    (40 Dwgs.User user)
    (41 Cmts.User user)
    (42 Eco1.User user)
    (43 Eco2.User user)
    (44 Edge.Cuts user)
    (45 Margin user)
    (46 B.CrtYd user)
    (47 F.CrtYd user)
    (48 B.Fab user)
    (49 F.Fab user)
  )

  (setup
    (last_trace_width 0.6)
    (user_trace_width 0.5)
    (user_trace_width 0.6)
    (user_trace_width 0.7)
    (user_trace_width 0.8)
    (trace_clearance 0.2)
    (zone_clearance 0.508)
    (zone_45_only no)
    (trace_min 0.2)
    (via_size 0.8)
    (via_drill 0.4)
    (via_min_size 0.4)
    (via_min_drill 0.3)
    (uvia_size 0.3)
    (uvia_drill 0.1)
    (uvias_allowed no)
    (uvia_min_size 0.2)
    (uvia_min_drill 0.1)
    (edge_width 0.05)
    (segment_width 0.2)
    (pcb_text_width 0.3)
    (pcb_text_size 1.5 1.5)
    (mod_edge_width 0.12)
    (mod_text_size 1 1)
    (mod_text_width 0.15)
    (pad_size 3.5 3.5)
    (pad_drill 1.99898)
    (pad_to_mask_clearance 0.051)
    (solder_mask_min_width 0.25)
    (aux_axis_origin 0 0)
    (visible_elements FFFFFF7F)
    (pcbplotparams
      (layerselection 0x010fc_ffffffff)
      (usegerberextensions false)
      (usegerberattributes false)
      (usegerberadvancedattributes false)
      (creategerberjobfile false)
      (excludeedgelayer true)
      (linewidth 0.100000)
      (plotframeref false)
      (viasonmask false)
      (mode 1)
      (useauxorigin false)
      (hpglpennumber 1)
      (hpglpenspeed 20)
      (hpglpendiameter 15.000000)
      (psnegative false)
      (psa4output false)
      (plotreference true)
      (plotvalue true)
      (plotinvisibletext false)
      (padsonsilk false)
      (subtractmaskfromsilk false)
      (outputformat 1)
      (mirror false)
      (drillshape 0)
      (scaleselection 1)
      (outputdirectory ""))
  )

  (net 0 "")
  (net 1 "Net-(C2-Pad2)")
  (net 2 +3V3)
  (net 3 GND)
  (net 4 "Net-(C5-Pad1)")
  (net 5 "Net-(C12-Pad2)")
  (net 6 "Net-(C10-Pad2)")
  (net 7 "Net-(C10-Pad1)")
  (net 8 "Net-(C12-Pad1)")
  (net 9 +5V)
  (net 10 PWR)
  (net 11 "Net-(D1-Pad2)")
  (net 12 "Net-(D2-Pad2)")
  (net 13 AIS)
  (net 14 "Net-(D4-Pad2)")
  (net 15 GPS)
  (net 16 MUTE)
  (net 17 "Net-(D7-Pad2)")
  (net 18 SHIPS)
  (net 19 "Net-(D8-Pad2)")
  (net 20 "Net-(D9-Pad1)")
  (net 21 "Net-(D10-Pad2)")
  (net 22 OWNSHIP)
  (net 23 "Net-(D11-Pad2)")
  (net 24 "Net-(FL1-Pad1)")
  (net 25 "Net-(FL2-Pad1)")
  (net 26 "Net-(LS1-Pad1)")
  (net 27 "Net-(LS1-Pad2)")
  (net 28 "Net-(D10-Pad1)")
  (net 29 "Net-(R11-Pad2)")
  (net 30 "Net-(R13-Pad2)")
  (net 31 "Net-(R14-Pad2)")
  (net 32 TX1)
  (net 33 "Net-(J2-Pad2)")
  (net 34 "Net-(J2-Pad3)")
  (net 35 RX1)
  (net 36 TX0)
  (net 37 RX0)
  (net 38 MUTEB)
  (net 39 "Net-(U4-Pad17)")
  (net 40 "Net-(R21-Pad1)")
  (net 41 "Net-(U4-Pad20)")
  (net 42 "Net-(U4-Pad21)")
  (net 43 "Net-(U4-Pad22)")
  (net 44 "Net-(U4-Pad24)")
  (net 45 "Net-(U4-Pad25)")
  (net 46 "Net-(U4-Pad26)")
  (net 47 "Net-(U4-Pad27)")
  (net 48 "Net-(U4-Pad29)")
  (net 49 "Net-(U4-Pad30)")
  (net 50 "Net-(U4-Pad32)")
  (net 51 "Net-(U4-Pad34)")
  (net 52 "Net-(U4-Pad35)")
  (net 53 "Net-(U4-Pad37)")
  (net 54 "Net-(U4-Pad40)")
  (net 55 "Net-(U5-Pad2)")
  (net 56 +BATT)
  (net 57 "Net-(R26-Pad1)")
  (net 58 "Net-(R27-Pad1)")
  (net 59 "Net-(U6-Pad3)")
  (net 60 "Net-(U6-Pad4)")
  (net 61 "Net-(U6-Pad5)")
  (net 62 "Net-(U6-Pad6)")
  (net 63 "Net-(U6-Pad7)")
  (net 64 "Net-(U6-Pad10)")
  (net 65 "Net-(U6-Pad11)")
  (net 66 "Net-(U6-Pad12)")
  (net 67 "Net-(U6-Pad2)")
  (net 68 "Net-(U6-Pad1)")
  (net 69 "Net-(U6-Pad13)")
  (net 70 "Net-(U6-Pad15)")
  (net 71 "Net-(U6-Pad17)")
  (net 72 "Net-(U6-Pad18)")
  (net 73 "Net-(U6-Pad19)")
  (net 74 "Net-(U6-Pad20)")
  (net 75 "Net-(U6-Pad21)")
  (net 76 "Net-(U6-Pad22)")
  (net 77 "Net-(U6-Pad23)")
  (net 78 "Net-(U6-Pad24)")
  (net 79 "Net-(U6-Pad25)")
  (net 80 "Net-(U6-Pad28)")
  (net 81 "Net-(J3-Pad2)")
  (net 82 "Net-(J3-Pad3)")
  (net 83 "Net-(Q2-Pad1)")
  (net 84 "Net-(R30-Pad2)")
  (net 85 "Net-(U4-Pad4)")
  (net 86 "Net-(U4-Pad5)")
  (net 87 "Net-(U6-Pad8)")
  (net 88 "Net-(U6-Pad9)")

  (net_class Default "This is the default net class."
    (clearance 0.2)
    (trace_width 0.25)
    (via_dia 0.8)
    (via_drill 0.4)
    (uvia_dia 0.3)
    (uvia_drill 0.1)
    (add_net +3V3)
    (add_net +5V)
    (add_net +BATT)
    (add_net AIS)
    (add_net GND)
    (add_net GPS)
    (add_net MUTE)
    (add_net MUTEB)
    (add_net "Net-(C10-Pad1)")
    (add_net "Net-(C10-Pad2)")
    (add_net "Net-(C12-Pad1)")
    (add_net "Net-(C12-Pad2)")
    (add_net "Net-(C2-Pad2)")
    (add_net "Net-(C5-Pad1)")
    (add_net "Net-(D1-Pad2)")
    (add_net "Net-(D10-Pad1)")
    (add_net "Net-(D10-Pad2)")
    (add_net "Net-(D11-Pad2)")
    (add_net "Net-(D2-Pad2)")
    (add_net "Net-(D4-Pad2)")
    (add_net "Net-(D7-Pad2)")
    (add_net "Net-(D8-Pad2)")
    (add_net "Net-(D9-Pad1)")
    (add_net "Net-(FL1-Pad1)")
    (add_net "Net-(FL2-Pad1)")
    (add_net "Net-(J2-Pad2)")
    (add_net "Net-(J2-Pad3)")
    (add_net "Net-(J3-Pad2)")
    (add_net "Net-(J3-Pad3)")
    (add_net "Net-(LS1-Pad1)")
    (add_net "Net-(LS1-Pad2)")
    (add_net "Net-(Q2-Pad1)")
    (add_net "Net-(R11-Pad2)")
    (add_net "Net-(R13-Pad2)")
    (add_net "Net-(R14-Pad2)")
    (add_net "Net-(R21-Pad1)")
    (add_net "Net-(R26-Pad1)")
    (add_net "Net-(R27-Pad1)")
    (add_net "Net-(R30-Pad2)")
    (add_net "Net-(U4-Pad17)")
    (add_net "Net-(U4-Pad20)")
    (add_net "Net-(U4-Pad21)")
    (add_net "Net-(U4-Pad22)")
    (add_net "Net-(U4-Pad24)")
    (add_net "Net-(U4-Pad25)")
    (add_net "Net-(U4-Pad26)")
    (add_net "Net-(U4-Pad27)")
    (add_net "Net-(U4-Pad29)")
    (add_net "Net-(U4-Pad30)")
    (add_net "Net-(U4-Pad32)")
    (add_net "Net-(U4-Pad34)")
    (add_net "Net-(U4-Pad35)")
    (add_net "Net-(U4-Pad37)")
    (add_net "Net-(U4-Pad4)")
    (add_net "Net-(U4-Pad40)")
    (add_net "Net-(U4-Pad5)")
    (add_net "Net-(U5-Pad2)")
    (add_net "Net-(U6-Pad1)")
    (add_net "Net-(U6-Pad10)")
    (add_net "Net-(U6-Pad11)")
    (add_net "Net-(U6-Pad12)")
    (add_net "Net-(U6-Pad13)")
    (add_net "Net-(U6-Pad15)")
    (add_net "Net-(U6-Pad17)")
    (add_net "Net-(U6-Pad18)")
    (add_net "Net-(U6-Pad19)")
    (add_net "Net-(U6-Pad2)")
    (add_net "Net-(U6-Pad20)")
    (add_net "Net-(U6-Pad21)")
    (add_net "Net-(U6-Pad22)")
    (add_net "Net-(U6-Pad23)")
    (add_net "Net-(U6-Pad24)")
    (add_net "Net-(U6-Pad25)")
    (add_net "Net-(U6-Pad28)")
    (add_net "Net-(U6-Pad3)")
    (add_net "Net-(U6-Pad4)")
    (add_net "Net-(U6-Pad5)")
    (add_net "Net-(U6-Pad6)")
    (add_net "Net-(U6-Pad7)")
    (add_net "Net-(U6-Pad8)")
    (add_net "Net-(U6-Pad9)")
    (add_net OWNSHIP)
    (add_net PWR)
    (add_net RX0)
    (add_net RX1)
    (add_net SHIPS)
    (add_net TX0)
    (add_net TX1)
  )

  (module Connector_PinHeader_2.54mm:PinHeader_1x02_P2.54mm_Vertical (layer F.Cu) (tedit 65E13E82) (tstamp 65E1545C)
    (at 99.96 115.6 90)
    (descr "Through hole straight pin header, 1x02, 2.54mm pitch, single row")
    (tags "Through hole pin header THT 1x02 2.54mm single row")
    (path /65E1B347)
    (fp_text reference J5 (at 0 -2.33 90) (layer F.SilkS)
      (effects (font (size 1 1) (thickness 0.15)))
    )
    (fp_text value IN5 (at 0 4.87 90) (layer F.Fab)
      (effects (font (size 1 1) (thickness 0.15)))
    )
    (fp_line (start -0.635 -1.27) (end 1.27 -1.27) (layer F.Fab) (width 0.1))
    (fp_line (start 1.27 -1.27) (end 1.27 5.2) (layer F.Fab) (width 0.1))
    (fp_line (start 1.27 5.2) (end -1.27 5.2) (layer F.Fab) (width 0.1))
    (fp_line (start -1.27 5.2) (end -1.27 -0.635) (layer F.Fab) (width 0.1))
    (fp_line (start -1.27 -0.635) (end -0.635 -1.27) (layer F.Fab) (width 0.1))
    (fp_line (start -1.33 5.27) (end 1.33 5.27) (layer F.SilkS) (width 0.12))
    (fp_line (start -1.33 2.67) (end -1.33 5.27) (layer F.SilkS) (width 0.12))
    (fp_line (start 1.33 2.67) (end 1.33 5.27) (layer F.SilkS) (width 0.12))
    (fp_line (start -1.33 2.67) (end 1.33 2.67) (layer F.SilkS) (width 0.12))
    (fp_line (start -1.33 0) (end -1.33 -1.33) (layer F.SilkS) (width 0.12))
    (fp_line (start -1.33 -1.33) (end 0 -1.33) (layer F.SilkS) (width 0.12))
    (fp_line (start -1.8 -1.8) (end -1.8 5.3) (layer F.CrtYd) (width 0.05))
    (fp_line (start -1.8 5.3) (end 1.8 5.3) (layer F.CrtYd) (width 0.05))
    (fp_line (start 1.8 5.3) (end 1.8 -1.8) (layer F.CrtYd) (width 0.05))
    (fp_line (start 1.8 -1.8) (end -1.8 -1.8) (layer F.CrtYd) (width 0.05))
    (fp_text user %R (at 0 1.27 180) (layer F.Fab)
      (effects (font (size 1 1) (thickness 0.15)))
    )
    (pad 1 thru_hole rect (at 0 0 90) (size 1.7 1.7) (drill 1) (layers *.Cu *.Mask)
      (net 4 "Net-(C5-Pad1)"))
    (pad 2 thru_hole oval (at 0 4 90) (size 1.7 1.7) (drill 1) (layers *.Cu *.Mask)
      (net 1 "Net-(C2-Pad2)"))
    (model ${KISYS3DMOD}/Connector_PinHeader_2.54mm.3dshapes/PinHeader_1x02_P2.54mm_Vertical.wrl
      (at (xyz 0 0 0))
      (scale (xyz 1 1 1))
      (rotate (xyz 0 0 0))
    )
  )

  (module RPi_Pico:RPi_Pico_SMD_TH (layer F.Cu) (tedit 65E132BA) (tstamp 65E3F9F9)
    (at 131.55 102.09 90)
    (descr "Through hole straight pin header, 2x20, 2.54mm pitch, double rows")
    (tags "Through hole pin header THT 2x20 2.54mm double row")
    (path /65777317)
    (fp_text reference U4 (at 0 0 90) (layer F.SilkS)
      (effects (font (size 1 1) (thickness 0.15)))
    )
    (fp_text value Pico (at 0 2.159 90) (layer F.Fab)
      (effects (font (size 1 1) (thickness 0.15)))
    )
    (fp_line (start 1.1 25.5) (end 1.5 25.5) (layer F.SilkS) (width 0.12))
    (fp_line (start -1.5 25.5) (end -1.1 25.5) (layer F.SilkS) (width 0.12))
    (fp_line (start 10.5 25.5) (end 3.7 25.5) (layer F.SilkS) (width 0.12))
    (fp_line (start 10.5 15.1) (end 10.5 15.5) (layer F.SilkS) (width 0.12))
    (fp_line (start 10.5 7.4) (end 10.5 7.8) (layer F.SilkS) (width 0.12))
    (fp_line (start 10.5 -18) (end 10.5 -17.6) (layer F.SilkS) (width 0.12))
    (fp_line (start 10.5 -25.5) (end 10.5 -25.2) (layer F.SilkS) (width 0.12))
    (fp_line (start 10.5 -2.7) (end 10.5 -2.3) (layer F.SilkS) (width 0.12))
    (fp_line (start 10.5 12.5) (end 10.5 12.9) (layer F.SilkS) (width 0.12))
    (fp_line (start 10.5 -7.8) (end 10.5 -7.4) (layer F.SilkS) (width 0.12))
    (fp_line (start 10.5 -12.9) (end 10.5 -12.5) (layer F.SilkS) (width 0.12))
    (fp_line (start 10.5 -0.2) (end 10.5 0.2) (layer F.SilkS) (width 0.12))
    (fp_line (start 10.5 4.9) (end 10.5 5.3) (layer F.SilkS) (width 0.12))
    (fp_line (start 10.5 20.1) (end 10.5 20.5) (layer F.SilkS) (width 0.12))
    (fp_line (start 10.5 22.7) (end 10.5 23.1) (layer F.SilkS) (width 0.12))
    (fp_line (start 10.5 17.6) (end 10.5 18) (layer F.SilkS) (width 0.12))
    (fp_line (start 10.5 -15.4) (end 10.5 -15) (layer F.SilkS) (width 0.12))
    (fp_line (start 10.5 -23.1) (end 10.5 -22.7) (layer F.SilkS) (width 0.12))
    (fp_line (start 10.5 -20.5) (end 10.5 -20.1) (layer F.SilkS) (width 0.12))
    (fp_line (start 10.5 10) (end 10.5 10.4) (layer F.SilkS) (width 0.12))
    (fp_line (start 10.5 2.3) (end 10.5 2.7) (layer F.SilkS) (width 0.12))
    (fp_line (start 10.5 -5.3) (end 10.5 -4.9) (layer F.SilkS) (width 0.12))
    (fp_line (start 10.5 -10.4) (end 10.5 -10) (layer F.SilkS) (width 0.12))
    (fp_line (start -10.5 22.7) (end -10.5 23.1) (layer F.SilkS) (width 0.12))
    (fp_line (start -10.5 20.1) (end -10.5 20.5) (layer F.SilkS) (width 0.12))
    (fp_line (start -10.5 17.6) (end -10.5 18) (layer F.SilkS) (width 0.12))
    (fp_line (start -10.5 15.1) (end -10.5 15.5) (layer F.SilkS) (width 0.12))
    (fp_line (start -10.5 12.5) (end -10.5 12.9) (layer F.SilkS) (width 0.12))
    (fp_line (start -10.5 10) (end -10.5 10.4) (layer F.SilkS) (width 0.12))
    (fp_line (start -10.5 7.4) (end -10.5 7.8) (layer F.SilkS) (width 0.12))
    (fp_line (start -10.5 4.9) (end -10.5 5.3) (layer F.SilkS) (width 0.12))
    (fp_line (start -10.5 2.3) (end -10.5 2.7) (layer F.SilkS) (width 0.12))
    (fp_line (start -10.5 -0.2) (end -10.5 0.2) (layer F.SilkS) (width 0.12))
    (fp_line (start -10.5 -2.7) (end -10.5 -2.3) (layer F.SilkS) (width 0.12))
    (fp_line (start -10.5 -5.3) (end -10.5 -4.9) (layer F.SilkS) (width 0.12))
    (fp_line (start -10.5 -7.8) (end -10.5 -7.4) (layer F.SilkS) (width 0.12))
    (fp_line (start -10.5 -10.4) (end -10.5 -10) (layer F.SilkS) (width 0.12))
    (fp_line (start -10.5 -12.9) (end -10.5 -12.5) (layer F.SilkS) (width 0.12))
    (fp_line (start -10.5 -15.4) (end -10.5 -15) (layer F.SilkS) (width 0.12))
    (fp_line (start -10.5 -18) (end -10.5 -17.6) (layer F.SilkS) (width 0.12))
    (fp_line (start -10.5 -20.5) (end -10.5 -20.1) (layer F.SilkS) (width 0.12))
    (fp_line (start -10.5 -23.1) (end -10.5 -22.7) (layer F.SilkS) (width 0.12))
    (fp_line (start -10.5 -25.5) (end -10.5 -25.2) (layer F.SilkS) (width 0.12))
    (fp_line (start -7.493 -22.833) (end -7.493 -25.5) (layer F.SilkS) (width 0.12))
    (fp_line (start -10.5 -22.833) (end -7.493 -22.833) (layer F.SilkS) (width 0.12))
    (fp_line (start -3.7 25.5) (end -10.5 25.5) (layer F.SilkS) (width 0.12))
    (fp_line (start -10.5 -25.5) (end 10.5 -25.5) (layer F.SilkS) (width 0.12))
    (fp_line (start -11 26) (end -11 -26) (layer F.CrtYd) (width 0.12))
    (fp_line (start 11 26) (end -11 26) (layer F.CrtYd) (width 0.12))
    (fp_line (start 11 -26) (end 11 26) (layer F.CrtYd) (width 0.12))
    (fp_line (start -11 -26) (end 11 -26) (layer F.CrtYd) (width 0.12))
    (fp_line (start -10.5 -24.2) (end -9.2 -25.5) (layer F.Fab) (width 0.12))
    (fp_line (start -10.5 25.5) (end -10.5 -25.5) (layer F.Fab) (width 0.12))
    (fp_line (start 10.5 25.5) (end -10.5 25.5) (layer F.Fab) (width 0.12))
    (fp_line (start 10.5 -25.5) (end 10.5 25.5) (layer F.Fab) (width 0.12))
    (fp_line (start -10.5 -25.5) (end 10.5 -25.5) (layer F.Fab) (width 0.12))
    (fp_text user %R (at 0 0 270) (layer F.Fab)
      (effects (font (size 1 1) (thickness 0.15)))
    )
    (fp_text user GP1 (at -6.2 -22.1 135) (layer F.SilkS)
      (effects (font (size 0.8 0.8) (thickness 0.15)))
    )
    (fp_text user GP2 (at -6.2 -17.01 135) (layer F.SilkS)
      (effects (font (size 0.8 0.8) (thickness 0.15)))
    )
    (fp_text user GP0 (at -6.1 -24.63 135) (layer F.SilkS)
      (effects (font (size 0.8 0.8) (thickness 0.15)))
    )
    (fp_text user GP3 (at -6.1 -14.47 135) (layer F.SilkS)
      (effects (font (size 0.8 0.8) (thickness 0.15)))
    )
    (fp_text user GP4 (at -6.1 -11.93 135) (layer F.SilkS)
      (effects (font (size 0.8 0.8) (thickness 0.15)))
    )
    (fp_text user GP5 (at -6.1 -9.39 135) (layer F.SilkS)
      (effects (font (size 0.8 0.8) (thickness 0.15)))
    )
    (fp_text user GP6 (at -6.1 -4.31 135) (layer F.SilkS)
      (effects (font (size 0.8 0.8) (thickness 0.15)))
    )
    (fp_text user GP7 (at -6 -1.8 135) (layer F.SilkS)
      (effects (font (size 0.8 0.8) (thickness 0.15)))
    )
    (fp_text user GP8 (at -6.1 0.77 135) (layer F.SilkS)
      (effects (font (size 0.8 0.8) (thickness 0.15)))
    )
    (fp_text user GP9 (at -6.1 3.31 135) (layer F.SilkS)
      (effects (font (size 0.8 0.8) (thickness 0.15)))
    )
    (fp_text user GP10 (at -6.354 8.39 135) (layer F.SilkS)
      (effects (font (size 0.8 0.8) (thickness 0.15)))
    )
    (fp_text user GP11 (at -6.5 10.93 135) (layer F.SilkS)
      (effects (font (size 0.8 0.8) (thickness 0.15)))
    )
    (fp_text user GP12 (at -6.5 13.47 135) (layer F.SilkS)
      (effects (font (size 0.8 0.8) (thickness 0.15)))
    )
    (fp_text user GP13 (at -6.354 16.01 135) (layer F.SilkS)
      (effects (font (size 0.8 0.8) (thickness 0.15)))
    )
    (fp_text user GP14 (at -6.4 21.09 135) (layer F.SilkS)
      (effects (font (size 0.8 0.8) (thickness 0.15)))
    )
    (fp_text user GP15 (at -6.354 23.63 135) (layer F.SilkS)
      (effects (font (size 0.8 0.8) (thickness 0.15)))
    )
    (fp_text user GP16 (at 6.354 24.13 135) (layer F.SilkS)
      (effects (font (size 0.8 0.8) (thickness 0.15)))
    )
    (fp_text user GP17 (at 6.354 21.59 135) (layer F.SilkS)
      (effects (font (size 0.8 0.8) (thickness 0.15)))
    )
    (fp_text user GP18 (at 6.354 16.51 135) (layer F.SilkS)
      (effects (font (size 0.8 0.8) (thickness 0.15)))
    )
    (fp_text user GP19 (at 6.354 13.97 135) (layer F.SilkS)
      (effects (font (size 0.8 0.8) (thickness 0.15)))
    )
    (fp_text user GP20 (at 6.354 11.43 135) (layer F.SilkS)
      (effects (font (size 0.8 0.8) (thickness 0.15)))
    )
    (fp_text user GP21 (at 6.354 8.9 135) (layer F.SilkS)
      (effects (font (size 0.8 0.8) (thickness 0.15)))
    )
    (fp_text user GP22 (at 6.354 3.81 135) (layer F.SilkS)
      (effects (font (size 0.8 0.8) (thickness 0.15)))
    )
    (fp_text user RUN (at 6.3 1.27 135) (layer F.SilkS)
      (effects (font (size 0.8 0.8) (thickness 0.15)))
    )
    (fp_text user GP26 (at 6.354 -1.27 135) (layer F.SilkS)
      (effects (font (size 0.8 0.8) (thickness 0.15)))
    )
    (fp_text user GP27 (at 6.354 -3.8 135) (layer F.SilkS)
      (effects (font (size 0.8 0.8) (thickness 0.15)))
    )
    (fp_text user GP28 (at 6.354 -9.144 135) (layer F.SilkS)
      (effects (font (size 0.8 0.8) (thickness 0.15)))
    )
    (fp_text user ADC_VREF (at 7.3 -12.5 135) (layer F.SilkS)
      (effects (font (size 0.8 0.8) (thickness 0.15)))
    )
    (fp_text user 3V3 (at 6.2 -13.9 135) (layer F.SilkS)
      (effects (font (size 0.8 0.8) (thickness 0.15)))
    )
    (fp_text user 3V3_EN (at 7 -17.2 135) (layer F.SilkS)
      (effects (font (size 0.8 0.8) (thickness 0.15)))
    )
    (fp_text user VSYS (at 6.5 -21.59 135) (layer F.SilkS)
      (effects (font (size 0.8 0.8) (thickness 0.15)))
    )
    (fp_text user VBUS (at 6.6 -24.2 135) (layer F.SilkS)
      (effects (font (size 0.8 0.8) (thickness 0.15)))
    )
    (fp_text user GND (at -6.1 -19.55 135) (layer F.SilkS)
      (effects (font (size 0.8 0.8) (thickness 0.15)))
    )
    (fp_text user GND (at -6.1 -6.85 135) (layer F.SilkS)
      (effects (font (size 0.8 0.8) (thickness 0.15)))
    )
    (fp_text user GND (at -6.1 5.85 135) (layer F.SilkS)
      (effects (font (size 0.8 0.8) (thickness 0.15)))
    )
    (fp_text user GND (at -6.1 18.55 135) (layer F.SilkS)
      (effects (font (size 0.8 0.8) (thickness 0.15)))
    )
    (fp_text user GND (at 6.1 19.05 135) (layer F.SilkS)
      (effects (font (size 0.8 0.8) (thickness 0.15)))
    )
    (fp_text user GND (at 6.1 6.35 135) (layer F.SilkS)
      (effects (font (size 0.8 0.8) (thickness 0.15)))
    )
    (fp_text user GND (at 6.1 -19.05 135) (layer F.SilkS)
      (effects (font (size 0.8 0.8) (thickness 0.15)))
    )
    (fp_text user AGND (at 6.354 -6.35 135) (layer F.SilkS)
      (effects (font (size 0.8 0.8) (thickness 0.15)))
    )
    (fp_poly (pts (xy -1.5 -16.5) (xy -3.5 -16.5) (xy -3.5 -18.5) (xy -1.5 -18.5)) (layer Dwgs.User) (width 0.1))
    (fp_poly (pts (xy -1.5 -14) (xy -3.5 -14) (xy -3.5 -16) (xy -1.5 -16)) (layer Dwgs.User) (width 0.1))
    (fp_poly (pts (xy -1.5 -11.5) (xy -3.5 -11.5) (xy -3.5 -13.5) (xy -1.5 -13.5)) (layer Dwgs.User) (width 0.1))
    (pad 1 thru_hole oval (at -8.89 -24.13 90) (size 1.7 1.7) (drill 1.02) (layers *.Cu *.Mask)
      (net 36 TX0))
    (pad 2 thru_hole oval (at -8.89 -21.59 90) (size 1.7 1.7) (drill 1.02) (layers *.Cu *.Mask)
      (net 37 RX0))
    (pad 3 thru_hole rect (at -8.89 -19.05 90) (size 1.7 1.7) (drill 1.02) (layers *.Cu *.Mask)
      (net 3 GND))
    (pad 4 thru_hole oval (at -8.89 -16.51 90) (size 1.7 1.7) (drill 1.02) (layers *.Cu *.Mask)
      (net 85 "Net-(U4-Pad4)"))
    (pad 5 thru_hole oval (at -8.89 -13.97 90) (size 1.7 1.7) (drill 1.02) (layers *.Cu *.Mask)
      (net 86 "Net-(U4-Pad5)"))
    (pad 6 thru_hole oval (at -8.89 -11.43 90) (size 1.7 1.7) (drill 1.02) (layers *.Cu *.Mask)
      (net 32 TX1))
    (pad 7 thru_hole oval (at -8.89 -8.89 90) (size 1.7 1.7) (drill 1.02) (layers *.Cu *.Mask)
      (net 35 RX1))
    (pad 8 thru_hole rect (at -8.89 -6.35 90) (size 1.7 1.7) (drill 1.02) (layers *.Cu *.Mask)
      (net 3 GND))
    (pad 9 thru_hole oval (at -8.89 -3.81 90) (size 1.7 1.7) (drill 1.02) (layers *.Cu *.Mask)
      (net 10 PWR))
    (pad 10 thru_hole oval (at -8.89 -1.27 90) (size 1.7 1.7) (drill 1.02) (layers *.Cu *.Mask)
      (net 13 AIS))
    (pad 11 thru_hole oval (at -8.89 1.27 90) (size 1.7 1.7) (drill 1.02) (layers *.Cu *.Mask)
      (net 15 GPS))
    (pad 12 thru_hole oval (at -8.89 3.81 90) (size 1.7 1.7) (drill 1.02) (layers *.Cu *.Mask)
      (net 18 SHIPS))
    (pad 13 thru_hole rect (at -8.89 6.35 90) (size 1.7 1.7) (drill 1.02) (layers *.Cu *.Mask)
      (net 3 GND))
    (pad 14 thru_hole oval (at -8.89 8.89 90) (size 1.7 1.7) (drill 1.02) (layers *.Cu *.Mask)
      (net 22 OWNSHIP))
    (pad 15 thru_hole oval (at -8.89 11.43 90) (size 1.7 1.7) (drill 1.02) (layers *.Cu *.Mask)
      (net 16 MUTE))
    (pad 16 thru_hole oval (at -8.89 13.97 90) (size 1.7 1.7) (drill 1.02) (layers *.Cu *.Mask)
      (net 38 MUTEB))
    (pad 17 thru_hole oval (at -8.89 16.51 90) (size 1.7 1.7) (drill 1.02) (layers *.Cu *.Mask)
      (net 39 "Net-(U4-Pad17)"))
    (pad 18 thru_hole rect (at -8.89 19.05 90) (size 1.7 1.7) (drill 1.02) (layers *.Cu *.Mask)
      (net 3 GND))
    (pad 19 thru_hole oval (at -8.89 21.59 90) (size 1.7 1.7) (drill 1.02) (layers *.Cu *.Mask)
      (net 40 "Net-(R21-Pad1)"))
    (pad 20 thru_hole oval (at -8.89 24.13 90) (size 1.7 1.7) (drill 1.02) (layers *.Cu *.Mask)
      (net 41 "Net-(U4-Pad20)"))
    (pad 21 thru_hole oval (at 8.89 24.13 90) (size 1.7 1.7) (drill 1.02) (layers *.Cu *.Mask)
      (net 42 "Net-(U4-Pad21)"))
    (pad 22 thru_hole oval (at 8.89 21.59 90) (size 1.7 1.7) (drill 1.02) (layers *.Cu *.Mask)
      (net 43 "Net-(U4-Pad22)"))
    (pad 23 thru_hole rect (at 8.89 19.05 90) (size 1.7 1.7) (drill 1.02) (layers *.Cu *.Mask)
      (net 3 GND))
    (pad 24 thru_hole oval (at 8.89 16.51 90) (size 1.7 1.7) (drill 1.02) (layers *.Cu *.Mask)
      (net 44 "Net-(U4-Pad24)"))
    (pad 25 thru_hole oval (at 8.89 13.97 90) (size 1.7 1.7) (drill 1.02) (layers *.Cu *.Mask)
      (net 45 "Net-(U4-Pad25)"))
    (pad 26 thru_hole oval (at 8.89 11.43 90) (size 1.7 1.7) (drill 1.02) (layers *.Cu *.Mask)
      (net 46 "Net-(U4-Pad26)"))
    (pad 27 thru_hole oval (at 8.89 8.89 90) (size 1.7 1.7) (drill 1.02) (layers *.Cu *.Mask)
      (net 47 "Net-(U4-Pad27)"))
    (pad 28 thru_hole rect (at 8.89 6.35 90) (size 1.7 1.7) (drill 1.02) (layers *.Cu *.Mask)
      (net 3 GND))
    (pad 29 thru_hole oval (at 8.89 3.81 90) (size 1.7 1.7) (drill 1.02) (layers *.Cu *.Mask)
      (net 48 "Net-(U4-Pad29)"))
    (pad 30 thru_hole oval (at 8.89 1.27 90) (size 1.7 1.7) (drill 1.02) (layers *.Cu *.Mask)
      (net 49 "Net-(U4-Pad30)"))
    (pad 31 thru_hole oval (at 8.89 -1.27 90) (size 1.7 1.7) (drill 1.02) (layers *.Cu *.Mask)
      (net 84 "Net-(R30-Pad2)"))
    (pad 32 thru_hole oval (at 8.89 -3.81 90) (size 1.7 1.7) (drill 1.02) (layers *.Cu *.Mask)
      (net 50 "Net-(U4-Pad32)"))
    (pad 33 thru_hole rect (at 8.89 -6.35 90) (size 1.7 1.7) (drill 1.02) (layers *.Cu *.Mask)
      (net 3 GND))
    (pad 34 thru_hole oval (at 8.89 -8.89 90) (size 1.7 1.7) (drill 1.02) (layers *.Cu *.Mask)
      (net 51 "Net-(U4-Pad34)"))
    (pad 35 thru_hole oval (at 8.89 -11.43 90) (size 1.7 1.7) (drill 1.02) (layers *.Cu *.Mask)
      (net 52 "Net-(U4-Pad35)"))
    (pad 36 thru_hole oval (at 8.89 -13.97 90) (size 1.7 1.7) (drill 1.02) (layers *.Cu *.Mask)
      (net 2 +3V3))
    (pad 37 thru_hole oval (at 8.89 -16.51 90) (size 1.7 1.7) (drill 1.02) (layers *.Cu *.Mask)
      (net 53 "Net-(U4-Pad37)"))
    (pad 38 thru_hole rect (at 8.89 -19.05 90) (size 1.7 1.7) (drill 1.02) (layers *.Cu *.Mask)
      (net 3 GND))
    (pad 39 thru_hole oval (at 8.89 -21.59 90) (size 1.7 1.7) (drill 1.02) (layers *.Cu *.Mask)
      (net 56 +BATT))
    (pad 40 thru_hole oval (at 8.89 -24.13 90) (size 1.7 1.7) (drill 1.02) (layers *.Cu *.Mask)
      (net 54 "Net-(U4-Pad40)"))
  )

  (module Capacitor_SMD:C_0805_2012Metric (layer F.Cu) (tedit 5B36C52B) (tstamp 65E1D0F3)
    (at 116.3 86.9)
    (descr "Capacitor SMD 0805 (2012 Metric), square (rectangular) end terminal, IPC_7351 nominal, (Body size source: https://docs.google.com/spreadsheets/d/1BsfQQcO9C6DZCsRaXUlFlo91Tg2WpOkGARC1WS5S8t0/edit?usp=sharing), generated with kicad-footprint-generator")
    (tags capacitor)
    (path /65A3A138)
    (attr smd)
    (fp_text reference C3 (at 0 -1.65) (layer F.SilkS)
      (effects (font (size 1 1) (thickness 0.15)))
    )
    (fp_text value 1u (at 0 1.65) (layer F.Fab)
      (effects (font (size 1 1) (thickness 0.15)))
    )
    (fp_text user %R (at 0 0) (layer F.Fab)
      (effects (font (size 0.5 0.5) (thickness 0.08)))
    )
    (fp_line (start 1.68 0.95) (end -1.68 0.95) (layer F.CrtYd) (width 0.05))
    (fp_line (start 1.68 -0.95) (end 1.68 0.95) (layer F.CrtYd) (width 0.05))
    (fp_line (start -1.68 -0.95) (end 1.68 -0.95) (layer F.CrtYd) (width 0.05))
    (fp_line (start -1.68 0.95) (end -1.68 -0.95) (layer F.CrtYd) (width 0.05))
    (fp_line (start -0.258578 0.71) (end 0.258578 0.71) (layer F.SilkS) (width 0.12))
    (fp_line (start -0.258578 -0.71) (end 0.258578 -0.71) (layer F.SilkS) (width 0.12))
    (fp_line (start 1 0.6) (end -1 0.6) (layer F.Fab) (width 0.1))
    (fp_line (start 1 -0.6) (end 1 0.6) (layer F.Fab) (width 0.1))
    (fp_line (start -1 -0.6) (end 1 -0.6) (layer F.Fab) (width 0.1))
    (fp_line (start -1 0.6) (end -1 -0.6) (layer F.Fab) (width 0.1))
    (pad 2 smd roundrect (at 0.9375 0) (size 0.975 1.4) (layers F.Cu F.Paste F.Mask) (roundrect_rratio 0.25)
      (net 3 GND))
    (pad 1 smd roundrect (at -0.9375 0) (size 0.975 1.4) (layers F.Cu F.Paste F.Mask) (roundrect_rratio 0.25)
      (net 56 +BATT))
    (model ${KISYS3DMOD}/Capacitor_SMD.3dshapes/C_0805_2012Metric.wrl
      (at (xyz 0 0 0))
      (scale (xyz 1 1 1))
      (rotate (xyz 0 0 0))
    )
  )

  (module Capacitor_SMD:C_0805_2012Metric (layer F.Cu) (tedit 5B36C52B) (tstamp 65E1D115)
    (at 100.5 103.2)
    (descr "Capacitor SMD 0805 (2012 Metric), square (rectangular) end terminal, IPC_7351 nominal, (Body size source: https://docs.google.com/spreadsheets/d/1BsfQQcO9C6DZCsRaXUlFlo91Tg2WpOkGARC1WS5S8t0/edit?usp=sharing), generated with kicad-footprint-generator")
    (tags capacitor)
    (path /658788B3)
    (attr smd)
    (fp_text reference C5 (at 0 -1.65) (layer F.SilkS)
      (effects (font (size 1 1) (thickness 0.15)))
    )
    (fp_text value 100n (at 0 1.65) (layer F.Fab)
      (effects (font (size 1 1) (thickness 0.15)))
    )
    (fp_line (start -1 0.6) (end -1 -0.6) (layer F.Fab) (width 0.1))
    (fp_line (start -1 -0.6) (end 1 -0.6) (layer F.Fab) (width 0.1))
    (fp_line (start 1 -0.6) (end 1 0.6) (layer F.Fab) (width 0.1))
    (fp_line (start 1 0.6) (end -1 0.6) (layer F.Fab) (width 0.1))
    (fp_line (start -0.258578 -0.71) (end 0.258578 -0.71) (layer F.SilkS) (width 0.12))
    (fp_line (start -0.258578 0.71) (end 0.258578 0.71) (layer F.SilkS) (width 0.12))
    (fp_line (start -1.68 0.95) (end -1.68 -0.95) (layer F.CrtYd) (width 0.05))
    (fp_line (start -1.68 -0.95) (end 1.68 -0.95) (layer F.CrtYd) (width 0.05))
    (fp_line (start 1.68 -0.95) (end 1.68 0.95) (layer F.CrtYd) (width 0.05))
    (fp_line (start 1.68 0.95) (end -1.68 0.95) (layer F.CrtYd) (width 0.05))
    (fp_text user %R (at 0 0) (layer F.Fab)
      (effects (font (size 0.5 0.5) (thickness 0.08)))
    )
    (pad 1 smd roundrect (at -0.9375 0) (size 0.975 1.4) (layers F.Cu F.Paste F.Mask) (roundrect_rratio 0.25)
      (net 4 "Net-(C5-Pad1)"))
    (pad 2 smd roundrect (at 0.9375 0) (size 0.975 1.4) (layers F.Cu F.Paste F.Mask) (roundrect_rratio 0.25)
      (net 1 "Net-(C2-Pad2)"))
    (model ${KISYS3DMOD}/Capacitor_SMD.3dshapes/C_0805_2012Metric.wrl
      (at (xyz 0 0 0))
      (scale (xyz 1 1 1))
      (rotate (xyz 0 0 0))
    )
  )

  (module Capacitor_SMD:C_1206_3216Metric (layer F.Cu) (tedit 5B301BBE) (tstamp 65E1D148)
    (at 100.4 112.6)
    (descr "Capacitor SMD 1206 (3216 Metric), square (rectangular) end terminal, IPC_7351 nominal, (Body size source: http://www.tortai-tech.com/upload/download/2011102023233369053.pdf), generated with kicad-footprint-generator")
    (tags capacitor)
    (path /65827E62)
    (attr smd)
    (fp_text reference C8 (at 0 -1.82) (layer F.SilkS)
      (effects (font (size 1 1) (thickness 0.15)))
    )
    (fp_text value 10u (at 0 1.82) (layer F.Fab)
      (effects (font (size 1 1) (thickness 0.15)))
    )
    (fp_text user %R (at 0 0) (layer F.Fab)
      (effects (font (size 0.8 0.8) (thickness 0.12)))
    )
    (fp_line (start 2.28 1.12) (end -2.28 1.12) (layer F.CrtYd) (width 0.05))
    (fp_line (start 2.28 -1.12) (end 2.28 1.12) (layer F.CrtYd) (width 0.05))
    (fp_line (start -2.28 -1.12) (end 2.28 -1.12) (layer F.CrtYd) (width 0.05))
    (fp_line (start -2.28 1.12) (end -2.28 -1.12) (layer F.CrtYd) (width 0.05))
    (fp_line (start -0.602064 0.91) (end 0.602064 0.91) (layer F.SilkS) (width 0.12))
    (fp_line (start -0.602064 -0.91) (end 0.602064 -0.91) (layer F.SilkS) (width 0.12))
    (fp_line (start 1.6 0.8) (end -1.6 0.8) (layer F.Fab) (width 0.1))
    (fp_line (start 1.6 -0.8) (end 1.6 0.8) (layer F.Fab) (width 0.1))
    (fp_line (start -1.6 -0.8) (end 1.6 -0.8) (layer F.Fab) (width 0.1))
    (fp_line (start -1.6 0.8) (end -1.6 -0.8) (layer F.Fab) (width 0.1))
    (pad 2 smd roundrect (at 1.4 0) (size 1.25 1.75) (layers F.Cu F.Paste F.Mask) (roundrect_rratio 0.2)
      (net 1 "Net-(C2-Pad2)"))
    (pad 1 smd roundrect (at -1.4 0) (size 1.25 1.75) (layers F.Cu F.Paste F.Mask) (roundrect_rratio 0.2)
      (net 4 "Net-(C5-Pad1)"))
    (model ${KISYS3DMOD}/Capacitor_SMD.3dshapes/C_1206_3216Metric.wrl
      (at (xyz 0 0 0))
      (scale (xyz 1 1 1))
      (rotate (xyz 0 0 0))
    )
  )

  (module Capacitor_SMD:C_0805_2012Metric (layer F.Cu) (tedit 5B36C52B) (tstamp 65E1D159)
    (at 95.7625 84.3)
    (descr "Capacitor SMD 0805 (2012 Metric), square (rectangular) end terminal, IPC_7351 nominal, (Body size source: https://docs.google.com/spreadsheets/d/1BsfQQcO9C6DZCsRaXUlFlo91Tg2WpOkGARC1WS5S8t0/edit?usp=sharing), generated with kicad-footprint-generator")
    (tags capacitor)
    (path /65855B1B)
    (attr smd)
    (fp_text reference C9 (at 0 -1.65) (layer F.SilkS)
      (effects (font (size 1 1) (thickness 0.15)))
    )
    (fp_text value 100n (at 0 1.65) (layer F.Fab)
      (effects (font (size 1 1) (thickness 0.15)))
    )
    (fp_text user %R (at 0 0) (layer F.Fab)
      (effects (font (size 0.5 0.5) (thickness 0.08)))
    )
    (fp_line (start 1.68 0.95) (end -1.68 0.95) (layer F.CrtYd) (width 0.05))
    (fp_line (start 1.68 -0.95) (end 1.68 0.95) (layer F.CrtYd) (width 0.05))
    (fp_line (start -1.68 -0.95) (end 1.68 -0.95) (layer F.CrtYd) (width 0.05))
    (fp_line (start -1.68 0.95) (end -1.68 -0.95) (layer F.CrtYd) (width 0.05))
    (fp_line (start -0.258578 0.71) (end 0.258578 0.71) (layer F.SilkS) (width 0.12))
    (fp_line (start -0.258578 -0.71) (end 0.258578 -0.71) (layer F.SilkS) (width 0.12))
    (fp_line (start 1 0.6) (end -1 0.6) (layer F.Fab) (width 0.1))
    (fp_line (start 1 -0.6) (end 1 0.6) (layer F.Fab) (width 0.1))
    (fp_line (start -1 -0.6) (end 1 -0.6) (layer F.Fab) (width 0.1))
    (fp_line (start -1 0.6) (end -1 -0.6) (layer F.Fab) (width 0.1))
    (pad 2 smd roundrect (at 0.9375 0) (size 0.975 1.4) (layers F.Cu F.Paste F.Mask) (roundrect_rratio 0.25)
      (net 5 "Net-(C12-Pad2)"))
    (pad 1 smd roundrect (at -0.9375 0) (size 0.975 1.4) (layers F.Cu F.Paste F.Mask) (roundrect_rratio 0.25)
      (net 3 GND))
    (model ${KISYS3DMOD}/Capacitor_SMD.3dshapes/C_0805_2012Metric.wrl
      (at (xyz 0 0 0))
      (scale (xyz 1 1 1))
      (rotate (xyz 0 0 0))
    )
  )

  (module Capacitor_SMD:C_0805_2012Metric (layer F.Cu) (tedit 5B36C52B) (tstamp 65E1D16A)
    (at 95.1625 98.5)
    (descr "Capacitor SMD 0805 (2012 Metric), square (rectangular) end terminal, IPC_7351 nominal, (Body size source: https://docs.google.com/spreadsheets/d/1BsfQQcO9C6DZCsRaXUlFlo91Tg2WpOkGARC1WS5S8t0/edit?usp=sharing), generated with kicad-footprint-generator")
    (tags capacitor)
    (path /65C67E87)
    (attr smd)
    (fp_text reference C10 (at 0 -1.65) (layer F.SilkS)
      (effects (font (size 1 1) (thickness 0.15)))
    )
    (fp_text value 100n (at 0 1.65) (layer F.Fab)
      (effects (font (size 1 1) (thickness 0.15)))
    )
    (fp_line (start -1 0.6) (end -1 -0.6) (layer F.Fab) (width 0.1))
    (fp_line (start -1 -0.6) (end 1 -0.6) (layer F.Fab) (width 0.1))
    (fp_line (start 1 -0.6) (end 1 0.6) (layer F.Fab) (width 0.1))
    (fp_line (start 1 0.6) (end -1 0.6) (layer F.Fab) (width 0.1))
    (fp_line (start -0.258578 -0.71) (end 0.258578 -0.71) (layer F.SilkS) (width 0.12))
    (fp_line (start -0.258578 0.71) (end 0.258578 0.71) (layer F.SilkS) (width 0.12))
    (fp_line (start -1.68 0.95) (end -1.68 -0.95) (layer F.CrtYd) (width 0.05))
    (fp_line (start -1.68 -0.95) (end 1.68 -0.95) (layer F.CrtYd) (width 0.05))
    (fp_line (start 1.68 -0.95) (end 1.68 0.95) (layer F.CrtYd) (width 0.05))
    (fp_line (start 1.68 0.95) (end -1.68 0.95) (layer F.CrtYd) (width 0.05))
    (fp_text user %R (at 0 0) (layer F.Fab)
      (effects (font (size 0.5 0.5) (thickness 0.08)))
    )
    (pad 1 smd roundrect (at -0.9375 0) (size 0.975 1.4) (layers F.Cu F.Paste F.Mask) (roundrect_rratio 0.25)
      (net 7 "Net-(C10-Pad1)"))
    (pad 2 smd roundrect (at 0.9375 0) (size 0.975 1.4) (layers F.Cu F.Paste F.Mask) (roundrect_rratio 0.25)
      (net 6 "Net-(C10-Pad2)"))
    (model ${KISYS3DMOD}/Capacitor_SMD.3dshapes/C_0805_2012Metric.wrl
      (at (xyz 0 0 0))
      (scale (xyz 1 1 1))
      (rotate (xyz 0 0 0))
    )
  )

  (module Capacitor_SMD:C_1206_3216Metric (layer F.Cu) (tedit 5B301BBE) (tstamp 65E1D17B)
    (at 96.8 94.6 270)
    (descr "Capacitor SMD 1206 (3216 Metric), square (rectangular) end terminal, IPC_7351 nominal, (Body size source: http://www.tortai-tech.com/upload/download/2011102023233369053.pdf), generated with kicad-footprint-generator")
    (tags capacitor)
    (path /658DE63B)
    (attr smd)
    (fp_text reference C11 (at 0 -1.82 90) (layer F.SilkS)
      (effects (font (size 1 1) (thickness 0.15)))
    )
    (fp_text value 10u (at 0 1.82 90) (layer F.Fab)
      (effects (font (size 1 1) (thickness 0.15)))
    )
    (fp_line (start -1.6 0.8) (end -1.6 -0.8) (layer F.Fab) (width 0.1))
    (fp_line (start -1.6 -0.8) (end 1.6 -0.8) (layer F.Fab) (width 0.1))
    (fp_line (start 1.6 -0.8) (end 1.6 0.8) (layer F.Fab) (width 0.1))
    (fp_line (start 1.6 0.8) (end -1.6 0.8) (layer F.Fab) (width 0.1))
    (fp_line (start -0.602064 -0.91) (end 0.602064 -0.91) (layer F.SilkS) (width 0.12))
    (fp_line (start -0.602064 0.91) (end 0.602064 0.91) (layer F.SilkS) (width 0.12))
    (fp_line (start -2.28 1.12) (end -2.28 -1.12) (layer F.CrtYd) (width 0.05))
    (fp_line (start -2.28 -1.12) (end 2.28 -1.12) (layer F.CrtYd) (width 0.05))
    (fp_line (start 2.28 -1.12) (end 2.28 1.12) (layer F.CrtYd) (width 0.05))
    (fp_line (start 2.28 1.12) (end -2.28 1.12) (layer F.CrtYd) (width 0.05))
    (fp_text user %R (at 0 0 90) (layer F.Fab)
      (effects (font (size 0.8 0.8) (thickness 0.12)))
    )
    (pad 1 smd roundrect (at -1.4 0 270) (size 1.25 1.75) (layers F.Cu F.Paste F.Mask) (roundrect_rratio 0.2)
      (net 7 "Net-(C10-Pad1)"))
    (pad 2 smd roundrect (at 1.4 0 270) (size 1.25 1.75) (layers F.Cu F.Paste F.Mask) (roundrect_rratio 0.2)
      (net 6 "Net-(C10-Pad2)"))
    (model ${KISYS3DMOD}/Capacitor_SMD.3dshapes/C_1206_3216Metric.wrl
      (at (xyz 0 0 0))
      (scale (xyz 1 1 1))
      (rotate (xyz 0 0 0))
    )
  )

  (module Capacitor_SMD:C_1206_3216Metric (layer F.Cu) (tedit 5B301BBE) (tstamp 65E1D18C)
    (at 100 86.2 180)
    (descr "Capacitor SMD 1206 (3216 Metric), square (rectangular) end terminal, IPC_7351 nominal, (Body size source: http://www.tortai-tech.com/upload/download/2011102023233369053.pdf), generated with kicad-footprint-generator")
    (tags capacitor)
    (path /65865F9C)
    (attr smd)
    (fp_text reference C12 (at 0 -1.82) (layer F.SilkS)
      (effects (font (size 1 1) (thickness 0.15)))
    )
    (fp_text value 10u (at 0 1.82) (layer F.Fab)
      (effects (font (size 1 1) (thickness 0.15)))
    )
    (fp_text user %R (at 0 0) (layer F.Fab)
      (effects (font (size 0.8 0.8) (thickness 0.12)))
    )
    (fp_line (start 2.28 1.12) (end -2.28 1.12) (layer F.CrtYd) (width 0.05))
    (fp_line (start 2.28 -1.12) (end 2.28 1.12) (layer F.CrtYd) (width 0.05))
    (fp_line (start -2.28 -1.12) (end 2.28 -1.12) (layer F.CrtYd) (width 0.05))
    (fp_line (start -2.28 1.12) (end -2.28 -1.12) (layer F.CrtYd) (width 0.05))
    (fp_line (start -0.602064 0.91) (end 0.602064 0.91) (layer F.SilkS) (width 0.12))
    (fp_line (start -0.602064 -0.91) (end 0.602064 -0.91) (layer F.SilkS) (width 0.12))
    (fp_line (start 1.6 0.8) (end -1.6 0.8) (layer F.Fab) (width 0.1))
    (fp_line (start 1.6 -0.8) (end 1.6 0.8) (layer F.Fab) (width 0.1))
    (fp_line (start -1.6 -0.8) (end 1.6 -0.8) (layer F.Fab) (width 0.1))
    (fp_line (start -1.6 0.8) (end -1.6 -0.8) (layer F.Fab) (width 0.1))
    (pad 2 smd roundrect (at 1.4 0 180) (size 1.25 1.75) (layers F.Cu F.Paste F.Mask) (roundrect_rratio 0.2)
      (net 5 "Net-(C12-Pad2)"))
    (pad 1 smd roundrect (at -1.4 0 180) (size 1.25 1.75) (layers F.Cu F.Paste F.Mask) (roundrect_rratio 0.2)
      (net 8 "Net-(C12-Pad1)"))
    (model ${KISYS3DMOD}/Capacitor_SMD.3dshapes/C_1206_3216Metric.wrl
      (at (xyz 0 0 0))
      (scale (xyz 1 1 1))
      (rotate (xyz 0 0 0))
    )
  )

  (module Capacitor_SMD:C_1206_3216Metric (layer F.Cu) (tedit 5B301BBE) (tstamp 65E1D19D)
    (at 102.8 94.7 270)
    (descr "Capacitor SMD 1206 (3216 Metric), square (rectangular) end terminal, IPC_7351 nominal, (Body size source: http://www.tortai-tech.com/upload/download/2011102023233369053.pdf), generated with kicad-footprint-generator")
    (tags capacitor)
    (path /658F0D69)
    (attr smd)
    (fp_text reference C13 (at 0 -1.82 90) (layer F.SilkS)
      (effects (font (size 1 1) (thickness 0.15)))
    )
    (fp_text value 10u (at 0 1.82 90) (layer F.Fab)
      (effects (font (size 1 1) (thickness 0.15)))
    )
    (fp_line (start -1.6 0.8) (end -1.6 -0.8) (layer F.Fab) (width 0.1))
    (fp_line (start -1.6 -0.8) (end 1.6 -0.8) (layer F.Fab) (width 0.1))
    (fp_line (start 1.6 -0.8) (end 1.6 0.8) (layer F.Fab) (width 0.1))
    (fp_line (start 1.6 0.8) (end -1.6 0.8) (layer F.Fab) (width 0.1))
    (fp_line (start -0.602064 -0.91) (end 0.602064 -0.91) (layer F.SilkS) (width 0.12))
    (fp_line (start -0.602064 0.91) (end 0.602064 0.91) (layer F.SilkS) (width 0.12))
    (fp_line (start -2.28 1.12) (end -2.28 -1.12) (layer F.CrtYd) (width 0.05))
    (fp_line (start -2.28 -1.12) (end 2.28 -1.12) (layer F.CrtYd) (width 0.05))
    (fp_line (start 2.28 -1.12) (end 2.28 1.12) (layer F.CrtYd) (width 0.05))
    (fp_line (start 2.28 1.12) (end -2.28 1.12) (layer F.CrtYd) (width 0.05))
    (fp_text user %R (at 0 0 90) (layer F.Fab)
      (effects (font (size 0.8 0.8) (thickness 0.12)))
    )
    (pad 1 smd roundrect (at -1.4 0 270) (size 1.25 1.75) (layers F.Cu F.Paste F.Mask) (roundrect_rratio 0.2)
      (net 9 +5V))
    (pad 2 smd roundrect (at 1.4 0 270) (size 1.25 1.75) (layers F.Cu F.Paste F.Mask) (roundrect_rratio 0.2)
      (net 3 GND))
    (model ${KISYS3DMOD}/Capacitor_SMD.3dshapes/C_1206_3216Metric.wrl
      (at (xyz 0 0 0))
      (scale (xyz 1 1 1))
      (rotate (xyz 0 0 0))
    )
  )

  (module Capacitor_SMD:C_1206_3216Metric (layer F.Cu) (tedit 5B301BBE) (tstamp 65E1D1AE)
    (at 128.8 74.5)
